2017-08-15T11:57:51.738 time
651805.4304836773 distance (m)
1.419934e-02 1.420931e-02 total_flux (in Mag 0 units)
[-2.59954569578463928e+11,-2.16951557598004608e+11,1.10891679899078941e+10] Didymos (m)
[-2.59954123504471558e+11,-2.16951951504658569e+11,1.10894338956440182e+10] Satellite (m)
[4.46073992370605481e+02,-3.93906653961181632e+02,2.65905736124038697e+02] Satellite relative 
[[6.61916315555572510e-01,-3.05792212486267090e-01,6.84366822242736816e-01,4.46074005126953125e+02],[7.49577760696411133e-01,2.70030498504638672e-01,-6.04331612586975098e-01,-3.93906646728515625e+02],[-1.49011611938476562e-08,9.13003146648406982e-01,4.07952606678009033e-01,2.65905731201171875e+02],[0.00000000000000000e+00,0.00000000000000000e+00,0.00000000000000000e+00,1.00000000000000000e+00]] Satellite matrix 
[[4.09999907016754150e-01,-2.91635660687461495e-04,0.00000000000000000e+00,0.00000000000000000e+00],[2.91635660687461495e-04,4.09999907016754150e-01,0.00000000000000000e+00,0.00000000000000000e+00],[0.00000000000000000e+00,0.00000000000000000e+00,4.09999996423721313e-01,0.00000000000000000e+00],[0.00000000000000000e+00,0.00000000000000000e+00,0.00000000000000000e+00,1.00000000000000000e+00]] Asteroid matrix 
[[7.31501250000000000e+05,0.00000000000000000e+00,0.00000000000000000e+00,2.59954576000000000e+08],[0.00000000000000000e+00,6.95700062500000000e+05,0.00000000000000000e+00,2.16951552000000000e+08],[0.00000000000000000e+00,0.00000000000000000e+00,6.95700000000000000e+05,-1.10891680000000000e+07],[0.00000000000000000e+00,0.00000000000000000e+00,0.00000000000000000e+00,1.00000000000000000e+00]] Sun matrix 
[[1.00000000000000000e+00,0.00000000000000000e+00,0.00000000000000000e+00,0.00000000000000000e+00],[0.00000000000000000e+00,1.00000000000000000e+00,0.00000000000000000e+00,0.00000000000000000e+00],[0.00000000000000000e+00,0.00000000000000000e+00,1.00000000000000000e+00,0.00000000000000000e+00],[0.00000000000000000e+00,0.00000000000000000e+00,0.00000000000000000e+00,1.00000000000000000e+00]] Constant distance matrix 
[[1.00000000000000000e+00,0.00000000000000000e+00,0.00000000000000000e+00,0.00000000000000000e+00],[0.00000000000000000e+00,1.00000000000000000e+00,0.00000000000000000e+00,0.00000000000000000e+00],[0.00000000000000000e+00,0.00000000000000000e+00,1.00000000000000000e+00,0.00000000000000000e+00],[0.00000000000000000e+00,0.00000000000000000e+00,0.00000000000000000e+00,1.00000000000000000e+00]] Reference matrix 
[2.30000000000000000e+02,8.50080013275146484e+00,2.46400000000000000e+03,2.05600000000000000e+03] Camera f,w,x,y 
