2017-08-15T11:57:51.978 time
649671.3002963831 distance (m)
1.452084e-02 1.451534e-02 total_flux (in Mag 0 units)
[-2.59954566960349823e+11,-2.16951560284706116e+11,1.10891677944113216e+10] Didymos (m)
[-2.59954122562154938e+11,-2.16951952471676300e+11,1.10894338252802620e+10] Satellite (m)
[4.44398194885253929e+02,-3.92186970184326185e+02,2.66030868940353400e+02] Satellite relative 
[[6.61688864231109619e-01,-3.07023316621780396e-01,6.84035360813140869e-01,4.44398193359375000e+02],[7.49778509140014648e-01,2.70951926708221436e-01,-6.03669762611389160e-01,-3.92186981201171875e+02],[0.00000000000000000e+00,9.12316679954528809e-01,4.09485280513763428e-01,2.66030883789062500e+02],[0.00000000000000000e+00,0.00000000000000000e+00,0.00000000000000000e+00,1.00000000000000000e+00]] Satellite matrix 
[[4.09999817609786987e-01,-3.67790722521021962e-04,0.00000000000000000e+00,0.00000000000000000e+00],[3.67790722521021962e-04,4.09999817609786987e-01,0.00000000000000000e+00,0.00000000000000000e+00],[0.00000000000000000e+00,0.00000000000000000e+00,4.09999996423721313e-01,0.00000000000000000e+00],[0.00000000000000000e+00,0.00000000000000000e+00,0.00000000000000000e+00,1.00000000000000000e+00]] Asteroid matrix 
[[7.31501250000000000e+05,0.00000000000000000e+00,0.00000000000000000e+00,2.59954560000000000e+08],[0.00000000000000000e+00,6.95700062500000000e+05,0.00000000000000000e+00,2.16951568000000000e+08],[0.00000000000000000e+00,0.00000000000000000e+00,6.95700000000000000e+05,-1.10891680000000000e+07],[0.00000000000000000e+00,0.00000000000000000e+00,0.00000000000000000e+00,1.00000000000000000e+00]] Sun matrix 
[[1.00000000000000000e+00,0.00000000000000000e+00,0.00000000000000000e+00,0.00000000000000000e+00],[0.00000000000000000e+00,1.00000000000000000e+00,0.00000000000000000e+00,0.00000000000000000e+00],[0.00000000000000000e+00,0.00000000000000000e+00,1.00000000000000000e+00,0.00000000000000000e+00],[0.00000000000000000e+00,0.00000000000000000e+00,0.00000000000000000e+00,1.00000000000000000e+00]] Constant distance matrix 
[[1.00000000000000000e+00,0.00000000000000000e+00,0.00000000000000000e+00,0.00000000000000000e+00],[0.00000000000000000e+00,1.00000000000000000e+00,0.00000000000000000e+00,0.00000000000000000e+00],[0.00000000000000000e+00,0.00000000000000000e+00,1.00000000000000000e+00,0.00000000000000000e+00],[0.00000000000000000e+00,0.00000000000000000e+00,0.00000000000000000e+00,1.00000000000000000e+00]] Reference matrix 
[2.30000000000000000e+02,8.50080013275146484e+00,2.46400000000000000e+03,2.05600000000000000e+03] Camera f,w,x,y 
