2017-08-15T11:57:52.219 time
647539.0648534055 distance (m)
1.392092e-02 1.392232e-02 total_flux (in Mag 0 units)
[-2.59954564342235840e+11,-2.16951562971407471e+11,1.10891675989147568e+10] Didymos (m)
[-2.59954121619838196e+11,-2.16951953438694031e+11,1.10894337549164963e+10] Satellite (m)
[4.42722397644042985e+02,-3.90467286560058596e+02,2.66156001739501960e+02] Satellite relative 
[[6.61459565162658691e-01,-3.08262318372726440e-01,6.83699905872344971e-01,4.42722412109375000e+02],[7.49980807304382324e-01,2.71877706050872803e-01,-6.03001892566680908e-01,-3.90467285156250000e+02],[0.00000000000000000e+00,9.11623179912567139e-01,4.11026954650878906e-01,2.66156005859375000e+02],[0.00000000000000000e+00,0.00000000000000000e+00,0.00000000000000000e+00,1.00000000000000000e+00]] Satellite matrix 
[[4.09999758005142212e-01,-4.43945755250751972e-04,0.00000000000000000e+00,0.00000000000000000e+00],[4.43945755250751972e-04,4.09999758005142212e-01,0.00000000000000000e+00,0.00000000000000000e+00],[0.00000000000000000e+00,0.00000000000000000e+00,4.09999996423721313e-01,0.00000000000000000e+00],[0.00000000000000000e+00,0.00000000000000000e+00,0.00000000000000000e+00,1.00000000000000000e+00]] Asteroid matrix 
[[7.31501250000000000e+05,0.00000000000000000e+00,0.00000000000000000e+00,2.59954560000000000e+08],[0.00000000000000000e+00,6.95700062500000000e+05,0.00000000000000000e+00,2.16951568000000000e+08],[0.00000000000000000e+00,0.00000000000000000e+00,6.95700000000000000e+05,-1.10891680000000000e+07],[0.00000000000000000e+00,0.00000000000000000e+00,0.00000000000000000e+00,1.00000000000000000e+00]] Sun matrix 
[[1.00000000000000000e+00,0.00000000000000000e+00,0.00000000000000000e+00,0.00000000000000000e+00],[0.00000000000000000e+00,1.00000000000000000e+00,0.00000000000000000e+00,0.00000000000000000e+00],[0.00000000000000000e+00,0.00000000000000000e+00,1.00000000000000000e+00,0.00000000000000000e+00],[0.00000000000000000e+00,0.00000000000000000e+00,0.00000000000000000e+00,1.00000000000000000e+00]] Constant distance matrix 
[[1.00000000000000000e+00,0.00000000000000000e+00,0.00000000000000000e+00,0.00000000000000000e+00],[0.00000000000000000e+00,1.00000000000000000e+00,0.00000000000000000e+00,0.00000000000000000e+00],[0.00000000000000000e+00,0.00000000000000000e+00,1.00000000000000000e+00,0.00000000000000000e+00],[0.00000000000000000e+00,0.00000000000000000e+00,0.00000000000000000e+00,1.00000000000000000e+00]] Reference matrix 
[2.30000000000000000e+02,8.50080013275146484e+00,2.46400000000000000e+03,2.05600000000000000e+03] Camera f,w,x,y 
