2017-08-15T11:57:52.459 time
645408.7423511667 distance (m)
1.388845e-02 1.389002e-02 total_flux (in Mag 0 units)
[-2.59954561724121582e+11,-2.16951565658108948e+11,1.10891674034181747e+10] Didymos (m)
[-2.59954120677521484e+11,-2.16951954405711670e+11,1.10894336845527363e+10] Satellite (m)
[4.41046600097656267e+02,-3.88747602722167983e+02,2.66281134561538693e+02] Satellite relative 
[[6.61228299140930176e-01,-3.09509277343750000e-01,6.83360159397125244e-01,4.41046600341796875e+02],[7.50184714794158936e-01,2.72807866334915161e-01,-6.02327764034271240e-01,-3.88747589111328125e+02],[0.00000000000000000e+00,9.10922229290008545e-01,4.12577509880065918e-01,2.66281127929687500e+02],[0.00000000000000000e+00,0.00000000000000000e+00,0.00000000000000000e+00,1.00000000000000000e+00]] Satellite matrix 
[[4.09999668598175049e-01,-5.20100758876651525e-04,0.00000000000000000e+00,0.00000000000000000e+00],[5.20100758876651525e-04,4.09999668598175049e-01,0.00000000000000000e+00,0.00000000000000000e+00],[0.00000000000000000e+00,0.00000000000000000e+00,4.09999996423721313e-01,0.00000000000000000e+00],[0.00000000000000000e+00,0.00000000000000000e+00,0.00000000000000000e+00,1.00000000000000000e+00]] Asteroid matrix 
[[7.31501250000000000e+05,0.00000000000000000e+00,0.00000000000000000e+00,2.59954560000000000e+08],[0.00000000000000000e+00,6.95700062500000000e+05,0.00000000000000000e+00,2.16951568000000000e+08],[0.00000000000000000e+00,0.00000000000000000e+00,6.95700000000000000e+05,-1.10891670000000000e+07],[0.00000000000000000e+00,0.00000000000000000e+00,0.00000000000000000e+00,1.00000000000000000e+00]] Sun matrix 
[[1.00000000000000000e+00,0.00000000000000000e+00,0.00000000000000000e+00,0.00000000000000000e+00],[0.00000000000000000e+00,1.00000000000000000e+00,0.00000000000000000e+00,0.00000000000000000e+00],[0.00000000000000000e+00,0.00000000000000000e+00,1.00000000000000000e+00,0.00000000000000000e+00],[0.00000000000000000e+00,0.00000000000000000e+00,0.00000000000000000e+00,1.00000000000000000e+00]] Constant distance matrix 
[[1.00000000000000000e+00,0.00000000000000000e+00,0.00000000000000000e+00,0.00000000000000000e+00],[0.00000000000000000e+00,1.00000000000000000e+00,0.00000000000000000e+00,0.00000000000000000e+00],[0.00000000000000000e+00,0.00000000000000000e+00,1.00000000000000000e+00,0.00000000000000000e+00],[0.00000000000000000e+00,0.00000000000000000e+00,0.00000000000000000e+00,1.00000000000000000e+00]] Reference matrix 
[2.30000000000000000e+02,8.50080013275146484e+00,2.46400000000000000e+03,2.05600000000000000e+03] Camera f,w,x,y 
