2017-08-15T11:57:52.700 time
643280.3524353902 distance (m)
1.443203e-02 1.444484e-02 total_flux (in Mag 0 units)
[-2.59954559106007538e+11,-2.16951568344810120e+11,1.10891672079216118e+10] Didymos (m)
[-2.59954119735204681e+11,-2.16951955372729187e+11,1.10894336141889725e+10] Satellite (m)
[4.39370802856445323e+02,-3.87027919067382811e+02,2.66406267360687252e+02] Satellite relative 
[[6.60995125770568848e-01,-3.10764402151107788e-01,6.83016061782836914e-01,4.39370788574218750e+02],[7.50390172004699707e-01,2.73742616176605225e-01,-6.01647377014160156e-01,-3.87027923583984375e+02],[-1.49011611938476562e-08,9.10214483737945557e-01,4.14137154817581177e-01,2.66406280517578125e+02],[0.00000000000000000e+00,0.00000000000000000e+00,0.00000000000000000e+00,1.00000000000000000e+00]] Satellite matrix 
[[4.09999549388885498e-01,-5.96255820710211992e-04,0.00000000000000000e+00,0.00000000000000000e+00],[5.96255820710211992e-04,4.09999549388885498e-01,0.00000000000000000e+00,0.00000000000000000e+00],[0.00000000000000000e+00,0.00000000000000000e+00,4.09999996423721313e-01,0.00000000000000000e+00],[0.00000000000000000e+00,0.00000000000000000e+00,0.00000000000000000e+00,1.00000000000000000e+00]] Asteroid matrix 
[[7.31501250000000000e+05,0.00000000000000000e+00,0.00000000000000000e+00,2.59954560000000000e+08],[0.00000000000000000e+00,6.95700062500000000e+05,0.00000000000000000e+00,2.16951568000000000e+08],[0.00000000000000000e+00,0.00000000000000000e+00,6.95700000000000000e+05,-1.10891670000000000e+07],[0.00000000000000000e+00,0.00000000000000000e+00,0.00000000000000000e+00,1.00000000000000000e+00]] Sun matrix 
[[1.00000000000000000e+00,0.00000000000000000e+00,0.00000000000000000e+00,0.00000000000000000e+00],[0.00000000000000000e+00,1.00000000000000000e+00,0.00000000000000000e+00,0.00000000000000000e+00],[0.00000000000000000e+00,0.00000000000000000e+00,1.00000000000000000e+00,0.00000000000000000e+00],[0.00000000000000000e+00,0.00000000000000000e+00,0.00000000000000000e+00,1.00000000000000000e+00]] Constant distance matrix 
[[1.00000000000000000e+00,0.00000000000000000e+00,0.00000000000000000e+00,0.00000000000000000e+00],[0.00000000000000000e+00,1.00000000000000000e+00,0.00000000000000000e+00,0.00000000000000000e+00],[0.00000000000000000e+00,0.00000000000000000e+00,1.00000000000000000e+00,0.00000000000000000e+00],[0.00000000000000000e+00,0.00000000000000000e+00,0.00000000000000000e+00,1.00000000000000000e+00]] Reference matrix 
[2.30000000000000000e+02,8.50080013275146484e+00,2.46400000000000000e+03,2.05600000000000000e+03] Camera f,w,x,y 
