2017-08-15T11:57:51.497 time
653941.4364861071 distance (m)
1.407227e-02 1.407335e-02 total_flux (in Mag 0 units)
[-2.59954572196577881e+11,-2.16951554911303253e+11,1.10891681854044571e+10] Didymos (m)
[-2.59954124446788055e+11,-2.16951950537640808e+11,1.10894339660077705e+10] Satellite (m)
[4.47749789825439450e+02,-3.95626337554931638e+02,2.65780603313446022e+02] Satellite relative 
[[6.62141859531402588e-01,-3.04568976163864136e-01,6.84693992137908936e-01,4.47749786376953125e+02],[7.49378561973571777e-01,2.69113481044769287e-01,-6.04987382888793945e-01,-3.95626342773437500e+02],[0.00000000000000000e+00,9.13682520389556885e-01,4.06428724527359009e-01,2.65780609130859375e+02],[0.00000000000000000e+00,0.00000000000000000e+00,0.00000000000000000e+00,1.00000000000000000e+00]] Satellite matrix 
[[4.09999936819076538e-01,-2.15480627957731485e-04,0.00000000000000000e+00,0.00000000000000000e+00],[2.15480627957731485e-04,4.09999936819076538e-01,0.00000000000000000e+00,0.00000000000000000e+00],[0.00000000000000000e+00,0.00000000000000000e+00,4.09999996423721313e-01,0.00000000000000000e+00],[0.00000000000000000e+00,0.00000000000000000e+00,0.00000000000000000e+00,1.00000000000000000e+00]] Asteroid matrix 
[[7.31501250000000000e+05,0.00000000000000000e+00,0.00000000000000000e+00,2.59954576000000000e+08],[0.00000000000000000e+00,6.95700062500000000e+05,0.00000000000000000e+00,2.16951552000000000e+08],[0.00000000000000000e+00,0.00000000000000000e+00,6.95700000000000000e+05,-1.10891680000000000e+07],[0.00000000000000000e+00,0.00000000000000000e+00,0.00000000000000000e+00,1.00000000000000000e+00]] Sun matrix 
[[1.00000000000000000e+00,0.00000000000000000e+00,0.00000000000000000e+00,0.00000000000000000e+00],[0.00000000000000000e+00,1.00000000000000000e+00,0.00000000000000000e+00,0.00000000000000000e+00],[0.00000000000000000e+00,0.00000000000000000e+00,1.00000000000000000e+00,0.00000000000000000e+00],[0.00000000000000000e+00,0.00000000000000000e+00,0.00000000000000000e+00,1.00000000000000000e+00]] Constant distance matrix 
[[1.00000000000000000e+00,0.00000000000000000e+00,0.00000000000000000e+00,0.00000000000000000e+00],[0.00000000000000000e+00,1.00000000000000000e+00,0.00000000000000000e+00,0.00000000000000000e+00],[0.00000000000000000e+00,0.00000000000000000e+00,1.00000000000000000e+00,0.00000000000000000e+00],[0.00000000000000000e+00,0.00000000000000000e+00,0.00000000000000000e+00,1.00000000000000000e+00]] Reference matrix 
[2.30000000000000000e+02,8.50080013275146484e+00,2.46400000000000000e+03,2.05600000000000000e+03] Camera f,w,x,y 
