2017-08-15T11:57:53.421 time
636906.9697011891 distance (m)
1.399922e-02 1.400123e-02 total_flux (in Mag 0 units)
[-2.59954551251664673e+11,-2.16951576404913849e+11,1.10891666214318733e+10] Didymos (m)
[-2.59954116908253906e+11,-2.16951958273781891e+11,1.10894334030976562e+10] Satellite (m)
[4.34343410766601551e+02,-3.81868868041992187e+02,2.66781665782928485e+02] Satellite relative 
[[6.60283803939819336e-01,-3.14578682184219360e-01,6.81957364082336426e-01,4.34343414306640625e+02],[7.51016914844512939e-01,2.76573330163955688e-01,-5.99567711353302002e-01,-3.81868865966796875e+02],[1.49011700756318533e-08,9.08045530319213867e-01,4.18870717287063599e-01,2.66781677246093750e+02],[0.00000000000000000e+00,0.00000000000000000e+00,0.00000000000000000e+00,1.00000000000000000e+00]] Satellite matrix 
[[4.09999161958694458e-01,-8.24720656964927912e-04,0.00000000000000000e+00,0.00000000000000000e+00],[8.24720656964927912e-04,4.09999161958694458e-01,0.00000000000000000e+00,0.00000000000000000e+00],[0.00000000000000000e+00,0.00000000000000000e+00,4.09999996423721313e-01,0.00000000000000000e+00],[0.00000000000000000e+00,0.00000000000000000e+00,0.00000000000000000e+00,1.00000000000000000e+00]] Asteroid matrix 
[[7.31501250000000000e+05,0.00000000000000000e+00,0.00000000000000000e+00,2.59954544000000000e+08],[0.00000000000000000e+00,6.95700062500000000e+05,0.00000000000000000e+00,2.16951584000000000e+08],[0.00000000000000000e+00,0.00000000000000000e+00,6.95700000000000000e+05,-1.10891670000000000e+07],[0.00000000000000000e+00,0.00000000000000000e+00,0.00000000000000000e+00,1.00000000000000000e+00]] Sun matrix 
[[1.00000000000000000e+00,0.00000000000000000e+00,0.00000000000000000e+00,0.00000000000000000e+00],[0.00000000000000000e+00,1.00000000000000000e+00,0.00000000000000000e+00,0.00000000000000000e+00],[0.00000000000000000e+00,0.00000000000000000e+00,1.00000000000000000e+00,0.00000000000000000e+00],[0.00000000000000000e+00,0.00000000000000000e+00,0.00000000000000000e+00,1.00000000000000000e+00]] Constant distance matrix 
[[1.00000000000000000e+00,0.00000000000000000e+00,0.00000000000000000e+00,0.00000000000000000e+00],[0.00000000000000000e+00,1.00000000000000000e+00,0.00000000000000000e+00,0.00000000000000000e+00],[0.00000000000000000e+00,0.00000000000000000e+00,1.00000000000000000e+00,0.00000000000000000e+00],[0.00000000000000000e+00,0.00000000000000000e+00,0.00000000000000000e+00,1.00000000000000000e+00]] Reference matrix 
[2.30000000000000000e+02,8.50080013275146484e+00,2.46400000000000000e+03,2.05600000000000000e+03] Camera f,w,x,y 
