2017-08-15T11:57:52.940 time
641153.9141113786 distance (m)
1.428823e-02 1.428912e-02 total_flux (in Mag 0 units)
[-2.59954556487893372e+11,-2.16951571031511292e+11,1.10891670124250393e+10] Didymos (m)
[-2.59954118792887787e+11,-2.16951956339746857e+11,1.10894335438252010e+10] Satellite (m)
[4.37695005584716796e+02,-3.85308235565185555e+02,2.66531400161743136e+02] Satellite relative 
[[6.60759925842285156e-01,-3.12027662992477417e-01,6.82667553424835205e-01,4.37695007324218750e+02],[7.50597357749938965e-01,2.74681717157363892e-01,-6.00960493087768555e-01,-3.85308227539062500e+02],[0.00000000000000000e+00,9.09498989582061768e-01,4.15705740451812744e-01,2.66531402587890625e+02],[0.00000000000000000e+00,0.00000000000000000e+00,0.00000000000000000e+00,1.00000000000000000e+00]] Satellite matrix 
[[4.09999430179595947e-01,-6.72410766128450632e-04,0.00000000000000000e+00,0.00000000000000000e+00],[6.72410766128450632e-04,4.09999430179595947e-01,0.00000000000000000e+00,0.00000000000000000e+00],[0.00000000000000000e+00,0.00000000000000000e+00,4.09999996423721313e-01,0.00000000000000000e+00],[0.00000000000000000e+00,0.00000000000000000e+00,0.00000000000000000e+00,1.00000000000000000e+00]] Asteroid matrix 
[[7.31501250000000000e+05,0.00000000000000000e+00,0.00000000000000000e+00,2.59954560000000000e+08],[0.00000000000000000e+00,6.95700062500000000e+05,0.00000000000000000e+00,2.16951568000000000e+08],[0.00000000000000000e+00,0.00000000000000000e+00,6.95700000000000000e+05,-1.10891670000000000e+07],[0.00000000000000000e+00,0.00000000000000000e+00,0.00000000000000000e+00,1.00000000000000000e+00]] Sun matrix 
[[1.00000000000000000e+00,0.00000000000000000e+00,0.00000000000000000e+00,0.00000000000000000e+00],[0.00000000000000000e+00,1.00000000000000000e+00,0.00000000000000000e+00,0.00000000000000000e+00],[0.00000000000000000e+00,0.00000000000000000e+00,1.00000000000000000e+00,0.00000000000000000e+00],[0.00000000000000000e+00,0.00000000000000000e+00,0.00000000000000000e+00,1.00000000000000000e+00]] Constant distance matrix 
[[1.00000000000000000e+00,0.00000000000000000e+00,0.00000000000000000e+00,0.00000000000000000e+00],[0.00000000000000000e+00,1.00000000000000000e+00,0.00000000000000000e+00,0.00000000000000000e+00],[0.00000000000000000e+00,0.00000000000000000e+00,1.00000000000000000e+00,0.00000000000000000e+00],[0.00000000000000000e+00,0.00000000000000000e+00,0.00000000000000000e+00,1.00000000000000000e+00]] Reference matrix 
[2.30000000000000000e+02,8.50080013275146484e+00,2.46400000000000000e+03,2.05600000000000000e+03] Camera f,w,x,y 
