2017-08-15T11:57:53.181 time
639029.4464663828 distance (m)
1.411718e-02 1.411849e-02 total_flux (in Mag 0 units)
[-2.59954553869779053e+11,-2.16951573718212585e+11,1.10891668169284573e+10] Didymos (m)
[-2.59954117850570953e+11,-2.16951957306764343e+11,1.10894334734614353e+10] Satellite (m)
[4.36019208099365244e+02,-3.83588551757812525e+02,2.66656532978057840e+02] Satellite relative 
[[6.60522818565368652e-01,-3.13298881053924561e-01,6.82314753532409668e-01,4.36019195556640625e+02],[7.50806033611297607e-01,2.75625228881835938e-01,-6.00267469882965088e-01,-3.83588562011718750e+02],[-1.49011611938476562e-08,9.08775985240936279e-01,4.17283624410629272e-01,2.66656524658203125e+02],[0.00000000000000000e+00,0.00000000000000000e+00,0.00000000000000000e+00,1.00000000000000000e+00]] Satellite matrix 
[[4.09999310970306396e-01,-7.48565711546689272e-04,0.00000000000000000e+00,0.00000000000000000e+00],[7.48565711546689272e-04,4.09999310970306396e-01,0.00000000000000000e+00,0.00000000000000000e+00],[0.00000000000000000e+00,0.00000000000000000e+00,4.09999996423721313e-01,0.00000000000000000e+00],[0.00000000000000000e+00,0.00000000000000000e+00,0.00000000000000000e+00,1.00000000000000000e+00]] Asteroid matrix 
[[7.31501250000000000e+05,0.00000000000000000e+00,0.00000000000000000e+00,2.59954560000000000e+08],[0.00000000000000000e+00,6.95700062500000000e+05,0.00000000000000000e+00,2.16951568000000000e+08],[0.00000000000000000e+00,0.00000000000000000e+00,6.95700000000000000e+05,-1.10891670000000000e+07],[0.00000000000000000e+00,0.00000000000000000e+00,0.00000000000000000e+00,1.00000000000000000e+00]] Sun matrix 
[[1.00000000000000000e+00,0.00000000000000000e+00,0.00000000000000000e+00,0.00000000000000000e+00],[0.00000000000000000e+00,1.00000000000000000e+00,0.00000000000000000e+00,0.00000000000000000e+00],[0.00000000000000000e+00,0.00000000000000000e+00,1.00000000000000000e+00,0.00000000000000000e+00],[0.00000000000000000e+00,0.00000000000000000e+00,0.00000000000000000e+00,1.00000000000000000e+00]] Constant distance matrix 
[[1.00000000000000000e+00,0.00000000000000000e+00,0.00000000000000000e+00,0.00000000000000000e+00],[0.00000000000000000e+00,1.00000000000000000e+00,0.00000000000000000e+00,0.00000000000000000e+00],[0.00000000000000000e+00,0.00000000000000000e+00,1.00000000000000000e+00,0.00000000000000000e+00],[0.00000000000000000e+00,0.00000000000000000e+00,0.00000000000000000e+00,1.00000000000000000e+00]] Reference matrix 
[2.30000000000000000e+02,8.50080013275146484e+00,2.46400000000000000e+03,2.05600000000000000e+03] Camera f,w,x,y 
